400
764358 186339
707515 987488
674417 831933
26073 637787
181300 395506
253153 351391
362671 573116
511533 116905
816384 738385
657337 487573
967926 723890
258599 67301
350829 294268
184686 377626
748281 941208
68944 116085
717141 282237
935856 814958
111507 716233
128917 372053
872077 211596
47275 184496
272458 57091
586316 325876
748080 457391
285612 760168
946836 466409
188972 767119
378981 950562
716113 575498
514811 337639
642332 257175
629541 365585
357787 48453
277226 434833
716436 214343
34700 854966
943124 709821
477336 836302
336834 33801
703933 450118
864988 28597
133453 644010
131599 653673
272161 51496
418876 101313
928753 80243
394488 878306
748627 999232
612149 594139
585928 597749
73061 439380
487100 236556
666332 59801
376306 569443
644576 454768
228933 1753
915396 980346
508902 911688
32259 844639
614606 613963
169262 332831
596856 226719
47534 603126
786784 540915
638183 295395
674462 858978
110403 880458
312954 821138
585702 593252
328418 255420
394738 232827
258486 944123
481755 621885
927477 785839
185148 21654
742071 522545
838679 775084
658611 652282
494263 643655
533218 559245
168368 482092
845482 495673
596204 461366
514957 529352
441824 148105
596428 123667
335332 906821
616842 798105
701803 263057
900451 158661
679162 974323
503268 265223
614434 349857
438938 522481
949994 397779
784123 644308
970414 372471
630715 883221
235841 926576
613765 968147
186358 576458
301730 109172
690165 793026
257287 977992
419531 351568
809427 277702
778453 162457
588061 412240
538659 285734
211804 563850
219798 430324
147936 623975
496645 878378
495702 837354
720307 58752
781275 886732
325418 862508
208962 748628
533434 315628
181549 645894
897377 526053
468144 160414
750640 487021
300777 794297
205749 29569
998776 277561
322953 658864
417427 10700
132945 427742
99473 333371
417292 946404
873882 272164
369121 457017
447109 624493
614647 445697
171416 156563
578939 409200
998462 393701
438378 515840
207768 20276
554458 281900
732254 815345
436235 547457
670335 239145
173099 658046
880256 888269
901809 150969
167635 418915
911336 197496
702217 939918
662219 70679
683358 98267
75952 675533
705198 247881
545322 274670
650580 511936
471559 383352
49504 417197
475815 140970
729510 173644
278582 935545
721806 494854
563 652507
408526 274401
373181 553887
563355 417341
351064 776564
909217 552039
572093 95181
949952 84288
592671 786936
550720 987447
91583 890186
646430 625668
686153 369324
291014 205413
451221 127228
262640 526416
717728 578257
724936 529499
262756 310800
661858 546170
958998 123724
317614 56353
394307 866601
966809 154942
898315 17580
400112 687567
994817 949424
532333 115530
299067 202086
455698 498150
577363 506657
932906 115462
586660 294415
550683 42759
457374 379394
851505 506804
274251 866053
751721 31267
685227 544043
979280 705816
516866 32791
567420 902723
684166 640875
433502 108397
165695 22529
298595 954806
114860 973192
118025 357163
269599 158823
136856 848485
855618 452155
318331 606621
965803 339289
301471 365776
116037 264949
46837 526838
245876 272057
288135 228381
734314 746317
897384 794412
957762 335271
951114 618838
122906 373741
534180 874335
156550 860588
878774 344018
338656 548997
470991 140038
723605 438059
906036 797012
225108 660669
166654 539
638770 559744
928078 691609
407914 154890
450041 633188
81965 222300
243575 550699
185012 24619
406185 330818
123364 24863
191419 373235
232723 30891
425863 57184
29865 297987
30591 286679
456723 551808
973392 628496
61748 326471
392606 219861
732776 939255
761002 173586
212631 243995
642046 141626
834871 99987
497850 758313
995655 239822
109097 476438
575102 790598
313547 826576
424662 838428
319579 157844
460375 507835
190726 311115
400943 624090
840810 19975
231551 985982
610982 168717
172927 327134
696435 980420
709191 917338
821397 712510
972366 261439
250553 502591
798774 37736
539441 462761
602070 903461
955427 290750
314934 915354
594437 521885
720048 640526
507550 506672
724164 15864
854948 139137
671251 638722
774947 824803
28287 338448
760985 171714
319842 416162
545178 641674
247959 329744
213219 463497
626642 984029
956324 593501
615134 767881
616443 683197
727761 7042
182690 969592
692369 63918
497548 962416
160548 860942
17521 216068
291788 584969
763330 136350
753927 677949
823877 522453
40237 701412
342354 328337
568989 411200
602503 998447
876963 349030
288196 200834
486564 601665
514672 546229
594419 295799
906509 730655
438377 660032
524419 368660
586746 835474
385031 35941
438674 326378
234085 130338
429017 492118
533052 491969
79320 52916
301941 748616
696379 200134
430535 241164
806580 71426
622844 366350
258704 439101
307889 692549
115944 960060
637260 797429
266198 610960
664471 208716
620145 537180
508786 643180
527002 706517
346552 188433
125428 431413
300037 686926
489394 87951
431262 422254
435246 897014
786928 453022
421182 7794
816144 123890
708745 430649
414685 227763
491490 285604
325896 746874
421173 294113
191640 981830
440007 823202
786989 588975
319210 513370
383755 73571
839993 784604
251644 781652
565429 65162
981426 83080
561082 459131
478559 336640
973929 683148
722235 950859
18249 524189
86611 413915
573431 17648
963988 12123
710782 493888
690554 844650
510867 764977
247174 426175
461349 871484
694061 535677
377361 346912
82214 453207
606472 144378
90003 66563
201292 665699
374653 657849
20659 271591
860481 185841
385241 651587
721344 682692
566551 527411
944237 54183
692599 76598
609441 723030
813758 744539
29794 439896
2583 731303
900962 417259
120508 108113
175888 860279
440128 144643
